23
68
78
82
91
99
119
142
151
157
169
207
273
309
362
405
441
456
470
555
568
569
648
653
683
763
788
801
835
851
853
860
997
1002
1015
1023
1053
1065
1067
1107
1119
1120
1190
1197
1199
1216
1260
1285
1290
1317
1318
1339
1373
1398
1432
1436
1513
1516
1534
1548
1559
1567
1574
1582
1598
1628
1632
1676
1680
1701
1732
1754
1786
1869
1903
2008
2049
2073
2102
2108
2109
2152
2198
2228
2274
2283
2296
2311
2326
2353
2375
2378
2385
2408
2423
2425
2441
2480
2483
2513
2553
2600
2624
2626
2648
2658
2700
2748
2755
2771
2876
2958
2962
2985
2994
3049
3054
3064
3066
3133
3146
3166
3209
3213
3225
3232
3276
3295
3317
3319
3328
3330
3362
3364
3383
3396
3444
3590
3601
3633
3641
3647
3656
3668
3675
3696
3697
3743
3747
3758
3798
3801
3811
3816
3855
3906
3955
3961
3972
4008
4018
4027
4041
4096
4124
4161
4243
4272
4276
4286
4310
4326
4354
4359
4361
4374
4433
4436
4463
4518
4520
4532
4555
4564
4585
4610
4619
4631
4723
4744
4745
4768
4774
4804
4809
4815
4864
4885
4904
4920
4922
4951
4959
4968
5043
5075
5086
5130
5170
5176
5193
5208
5209
5242
5246
5289
5337
5345
5347
5350
5358
5368
5373
5377
5396
5407
5458
5462
5488
5570
5583
5587
5625
5654
5681
5696
5737
5792
5801
5821
5828
5832
5840
5851
5856
5896
5897
5900
5912
6110
6141
6143
6176
6228
6240
6251
6262
6274
6288
6331
6336
6340
6344
6402
6411
6425
6426
6449
6457
6476
6487
6491
6529
6588
6608
6631
6678
6681
6688
6740
6760
6776
6801
6841
6906
7042
7083
7086
7105
7107
7115
7157
7158
7164
7195
7200
7276
7294
7304
7309
7320
7339
7364
7388
7396
7401
7447
7449
7458
7498
7503
7521
7548
7561
7622
7649
7651
7681
7685
7688
7720
7746
7750
7779
7788
7803
7812
7835
7898
7916
7930
7947
7957
7964
8037
8040
8043
8052
8116
8161
8164
8195
8197
8222
8230
8244
8273
8284
8310
8356
8361
8387
8491
8509
8530
8551
8566
8587
8622
8631
8637
8658
8707
8725
8760
8782
8784
8810
8845
8864
8882
8909
8910
8915
8948
8988
9013
9042
9044
9067
9072
9097
9184
9188
9192
9202
9205
9266
9350
9379
9405
9416
9425
9444
9472
9486
9493
9526
9533
9540
9554
9559
9566
9567
9621
9626
9633
9659
9689
9703
9728
9742
9745
9777
9870
9874
9884
9890
9897
9907
9908
9945
9970
9983
9989
9993
10019
10043
10044
10046
10075
10096
10112
10145
10153
10158
10213
10231
10248
10262
10276
10277
10319
10357
10405
10460
10467
10469
10472
10495
10524
10535
10560
10597
10615
10649
10658
10659
10666
10674
10685
10690
10720
10736
10741
10783
10793
10802
10814
10851
10886
10893
10934
10947
10979
11011
11012
11016
11029
11035
11044
11050
11051
11056
11066
11088
11090
11095
11130
11135
11157
11178
11184
11188
11189
11236
11279
11292
11301
11336
11348
11361
11376
11389
11430
11447
11450
11479
11489
11504
11572
11593
11616
11623
11627
11658
11674
11680
11712
11770
11782
11799
11829
11890
11912
11938
11946
11973
11982
11994
12001
12002
12022
12023
12082
12085
12089
12106
12129
12137
12168
12198
12354
12356
12359
12383
12390
12401
12402
12423
12534
12601
12690
12699
12734
12741
12753
12767
12780
12821
12830
12833
12837
12847
12887
12908
12972
13033
13047
13052
13074
13141
13158
13159
13164
13177
13200
13212
13290
13304
13313
13314
13345
13374
13379
13402
13426
13430
13432
13453
13461
13463
13518
13549
13564
13569
13571
13608
13612
13625
13627
13651
13659
13671
13753
13785
13850
13890
13906
14024
14050
14103
14106
14124
14136
14198
14215
14225
14227
14294
14383
14476
14493
14495
14532
14534
14547
14624
14625
14645
14652
14670
14707
14728
14730
14757
14765
14781
14791
14827
14856
14928
14930
14940
14942
14950
14954
15004
15055
15081
15144
15164
15209
15222
15226
15233
15255
15288
15311
15327
15341
15391
15420
15430
15435
15446
15480
15481
15519
15524
15538
15540
15557
15561
15569
15575
15661
15674
15714
15739
15749
15754
15758
15759
15780
15799
15870
15888
15889
15904
15949
15956
15965
15980
16013
16026
16043
16048
16110
16122
16174
16230
16253
16317
16340
16341
16352
16369
16432
16454
16486
16495
16506
16515
16521
16593
16600
16618
16623
16641
16671
16674
16678
16695
16770
16775
16902
16912
16944
16947
17006
17020
17113
17120
17137
17154
17158
17175
17189
17203
17206
17213
17303
17306
17342
17355
17418
17492
17514
17530
17566
17575
17629
17637
17655
17681
17746
17747
17766
17794
17800
17868
17894
17942
17955
17956
17958
17980
18027
18039
18063
18074
18077
18100
18107
18114
18126
18141
18162
18204
18208
18230
18284
18305
18331
18343
18370
18381
18385
18446
18455
18459
18542
18556
18587
18613
18643
18657
18666
18790
18829
18853
18864
18901
18913
18914
18918
18963
18967
18976
18988
18993
19035
19052
19055
19083
19087
19107
19148
19155
19157
19181
19182
19307
19312
19324
19352
19354
19402
19421
19424
19438
19452
19470
19479
19498
19543
19547
19583
19620
19631
19676
19687
19797
19863
19887
19903
19930
19951
20009
20011
20069
20075
20111
20127
20153
20159
20161
20202
20226
20231
20235
20243
20312
20347
20366
20419
20433
20469
20475
20584
20673
20680
20747
20748
20758
20773
20784
20826
20833
20850
20931
20940
21008
21067
21110
21132
21134
21141
21143
21202
21210
21227
21260
21261
21328
21329
21340
21368
21416
21419
21427
21495
21546
21575
21612
21661
21679
21730
21799
21815
21821
21835
21857
21929
21940
21952
21966
22045
22056
22071
22102
22111
22114
22137
22148
22153
22197
22252
22321
22331
22333
22342
22355
22360
22368
22370
22371
22379
22382
22390
22415
22454
22455
22526
22607
22690
22721
22778
22811
22814
22818
22856
22925
22960
22967
23032
23049
23064
23103
23116
23196
23209
23282
23366
23399
23411
23421
23439
23656
23689
23691
23729
23737
23808
23848
23878
23883
23887
23956
23996
24008
24105
24120
24143
24170
24173
24178
24179
24195
24339
24366
24391
24401
24402
24469
24502
24525
24543
24556
24576
24585
24604
24621
24679
24717
24752
24757
24823
24851
24870
24905
24926
24948
24989
24994
24996
25026
25162
25186
25201
25259
25269
25289
25318
25337
25369
25383
25415
25443
25499
25507
25528
25537
25607
25653
25659
25665
25671
25727
25752
25809
25819
25869
25898
25905
25916
25974
25989
26095
26118
26124
26126
26151
26175
26181
26219
26247
26298
26310
26320
26405
26425
26478
26486
26490
26553
26568
26577
26588
26592
26676
26677
26707
26737
26750
26760
26771
26827
26830
26873
26876
26921
26987
27027
27048
27049
27051
27078
27182
27208
27274
27280
27284
27339
27342
27359
27399
27401
27410
27440
27450
27464
27470
27489
27491
27512
27610
27646
27674
27718
27720
27791
27799
27803
27812
27865
27880
27892
27893
27922
27981
27991
27993
28055
28059
28093
28104
28167
28185
28197
28228
28260
28266
28268
28280
28345
28347
28397
28472
28483
28504
28519
28544
28548
28607
28615
28628
28684
28736
28767
28769
28806
28810
28869
28943
28948
28967
29011
29057
29060
29114
29126
29148
29180
29350
29365
29388
29433
29459
29467
29470
29514
29658
29675
29803
29804
29827
29966
30000
30010
30072
30082
30100
30111
30117
30129
30134
30162
30186
30331
30345
30369
30372
30462
30512
30550
30621
30644
30645
30731
30760
30786
30865
30867
30883
30885
30904
30986
30993
31005
31129
31136
31161
31180
31207
31263
31270
31307
31336
31348
31359
31362
31419
31463
31505
31554
31571
31583
31597
31604
31634
31637
31671
31706
31728
31747
31787
31865
31933
31951
31974
31981
31990
32001
32004
32008
32029
32034
32076
32077
32141
32147
32157
32164
32167
32198
32201
32213
32215
32263
32302
32330
32358
32359
32410
32498
32513
32530
32535
32544
32663
32672
32675
32679
32718
32807
32822
32844
32850
32927
32929
32955
32960
32965
33036
33052
33053
33059
33111
33148
33209
33255
33281
33294
33301
33384
33390
33396
33447
33480
33533
33627
33655
33701
33706
33717
33738
33797
33812
33822
33835
33845
33852
33933
34020
34028
34080
34128
34150
34172
34184
34185
34301
34345
34364
34369
34431
34435
34457
34487
34490
34498
34524
34579
34651
34677
34680
34832
34864
34880
34886
34903
34947
34964
34974
34975
34979
35030
35041
35074
35075
35077
35127
35132
35150
35163
35174
35187
35259
35271
35281
35308
35364
35400
35477
35499
35522
35525
35571
35612
35716
35718
35720
35723
35768
35775
35792
35858
35880
35909
35921
35928
35933
35950
35981
36036
36041
36083
36086
36210
36212
36299
36344
36355
36379
36393
36394
36399
36493
36514
36538
36559
36665
36695
36697
36708
36730
36750
36756
36800
36813
36874
36962
37011
37020
37059
37062
37085
37114
37133
37135
37190
37211
37225
37249
37266
37326
37336
37369
37417
37431
37463
37481
37504
37526
37530
37559
37619
37651
37682
37702
37713
37806
37856
37866
37884
37900
37923
37925
37941
37990
37996
38000
38012
38147
38230
38249
38289
38335
38396
38484
38488
38493
38567
38583
38720
38739
38776
38786
38900
38956
38980
38983
38986
39016
39019
39022
39023
39037
39048
39054
39071
39072
39073
39170
39182
39205
39210
39293
39332
39351
39357
39362
39363
39366
39383
39405
39432
39438
39442
39487
39537
39606
39643
39710
39717
39745
39754
39767
39770
39781
39798
39801
39820
39828
39956
40062
40065
40081
40229
40234
40266
40314
40336
40338
40342
40345
40418
40423
40477
40482
40492
40534
40660
40677
40721
40732
40740
40754
40759
40787
40850
40895
40914
40957
40978
40984
41044
41051
41084
41092
41094
41148
41191
41194
41201
41207
41219
41220
41227
41255
41314
41316
41343
41352
41355
41424
41574
41581
41600
41606
41639
41645
41708
41736
41761
41810
41817
41818
41819
41851
41887
41888
41911
41942
41950
41983
41988
42007
42009
42133
42210
42233
42249
42276
42286
42297
42299
42310
42332
42360
42387
42399
42403
42458
42504
42537
42546
42555
42620
42659
42674
42699
42722
42753
42795
42808
42851
42973
42975
43075
43093
43117
43130
43163
43207
43227
43267
43288
43308
43318
43319
43336
43400
43433
43517
43602
43632
43641
43659
43683
43765
43803
43830
43832
43861
43928
44072
44076
44092
44110
44145
44173
44185
44227
44255
44283
44290
44296
44299
44347
44431
44458
44461
44492
44554
44555
44556
44599
44602
44682
44734
44766
44780
44868
44872
44883
44900
44926
44931
45107
45168
45261
45265
45315
45342
45348
45384
45437
45483
45577
45582
45646
45653
45677
45685
45702
45723
45763
45848
45897
45907
45914
45972
46039
46041
46063
46087
46097
46287
46302
46342
46352
46354
46355
46360
46391
46401
46491
46495
46518
46531
46549
46552
46558
46624
46648
46679
46711
46773
46774
46783
46856
46873
46898
46901
46925
46940
46946
46948
47066
47093
47198
47211
47320
47344
47508
47630
47634
47670
47677
47714
47766
47920
47941
47960
47980
48002
48063
48078
48110
48173
48190
48210
48221
48245
48305
48319
48445
48453
48481
48482
48484
48489
48520
48555
48614
48621
48719
48733
48794
48802
48828
48862
48963
48972
49013
49114
49210
49211
49240
49497
49533
49560
49717
49725
49728
49765
49797
49809
49813
49825
49878
49961
49985
49987
50047
50062
50170
50214
50282
50324
50394
50430
50444
50462
50475
50534
50618
50636
50657
50750
50800
50818
50820
50886
50905
50926
50935
50979
51008
51096
51151
51181
51322
51364
51457
51532
51591
51603
51645
51682
51722
51757
51762
51801
51812
51831
51846
51890
51904
51945
51985
51999
52014
52148
52173
52178
52277
52280
52296
52298
52418
52520
52525
52560
52577
52581
52667
52746
52775
52871
52877
52880
52881
52895
52911
52919
52929
53075
53106
53183
53184
53200
53309
53344
53372
53387
53399
53502
53558
53615
53657
53678
53716
53755
53770
53789
53834
53855
53858
53867
53920
53977
53983
54010
54059
54088
54123
54137
54143
54211
54252
54396
54431
54468
54472
54518
54530
54580
54588
54627
54662
54698
54705
54725
54752
54787
54826
54854
54898
54977
54981
54982
54985
54999
55023
55070
55078
55095
55121
55142
55148
55169
55222
55245
55307
55320
55361
55401
55427
55458
55471
55492
55526
55528
55659
55712
55733
55846
55879
55894
55948
56020
56032
56036
56037
56059
56130
56185
56192
56334
56413
56421
56462
56476
56494
56514
56566
56616
56659
56697
56722
56756
56759
56770
56790
56930
56937
56963
56971
57014
57141
57161
57219
57234
57236
57250
57267
57276
57283
57331
57382
57440
57486
57493
57514
57572
57581
57607
57619
57720
57723
57777
57809
57862
58032
58086
58327
58329
58351
58363
58420
58478
58520
58600
58616
58656
58734
58769
58804
58919
58930
59010
59074
59146
59186
59271
59275
59292
59321
59325
59336
59339
59340
59346
59358
59391
59436
59453
59458
59482
59531
59584
59592
59646
59714
59716
59767
59820
59906
59929
59953
59967
59987
60004
60021
60030
60075
60189
60263
60304
60326
60387
60405
60418
60436
60472
60478
60490
60541
60562
60635
60670
60723
60736
60769
60814
60862
60876
61042
61147
61154
61156
61314
61352
61412
61490
61495
61583
61658
61709
61715
61733
61756
61761
61781
61946
62036
62213
62232
62240
62267
62294
62364
62411
62527
62530
62548
62565
62683
62687
62833
62885
62918
62922
62936
62987
63219
63336
63372
63421
63434
63460
63494
63501
63509
63574
63587
63601
63604
63682
63697
63708
63728
63814
63845
63854
63857
64021
64075
64098
64215
64289
64320
64515
64607
64664
64763
64817
64869
64893
64928
64962
64971
65060
65095
65142
65175
65200
65253
65272
65461
65484
65496
65577
65584
65589
65674
65804
65816
65826
66007
66059
66232
66248
66290
66304
66332
66402
66431
66466
66519
66556
66656
66786
66920
66928
66942
67057
67117
67140
67159
67169
67178
67266
67282
67321
67418
67435
67469
67500
67558
67597
67642
67648
67716
67783
67806
67819
67847
67909
67973
68105
68202
68209
68227
68236
68284
68372
68373
68420
68425
68444
68615
68630
68780
68796
68808
68877
68901
68903
68906
68908
68975
69044
69180
69312
69346
69465
69475
69479
69525
69559
69676
69786
69787
69855
69866
69891
69898
69951
70071
70078
70134
70136
70139
70213
70243
70276
70416
70506
70514
70615
70995
70997
71016
71200
71202
71214
71286
71330
71362
71365
71373
71472
71559
71650
71722
71760
71802
71878
71929
71999
72016
72226
72260
72309
72314
72361
72370
72389
72548
72595
72619
72672
72725
72769
72798
73058
73162
73171
73184
73191
73285
73354
73431
73445
73484
73549
73555
73572
73602
73646
73787
73919
73964
74209
74218
74324
74420
74424
74438
74661
74760
74803
74869
74884
74886
74960
74992
75029
75077
75204
75262
75296
75318
75357
75375
75397
75503
75562
75592
75703
75744
75780
75828
75830
75867
75875
75876
75938
75947
76027
76039
76204
76272
76350
76373
76395
76457
76495
76595
76675
76775
76790
77009
77016
77034
77136
77145
77318
77332
77372
77375
77524
77582
77600
77630
77676
77769
77773
77779
77837
77844
77859
77861
77871
77963
77980
77998
78169
78181
78243
78317
78336
78399
78739
78803
78936
78939
78999
79078
79163
79262
79331
79388
79459
79468
79478
79510
79566
79623
79724
79765
79821
79866
79932
79952
79963
80066
80072
80094
80177
80226
80264
80339
80356
80368
80407
80443
80453
80623
80640
80716
80803
80843
80878
80881
80901
80968
80998
81040
81065
81090
81095
81096
81122
81202
81207
81239
81240
81264
81287
81305
81330
81407
81440
81454
81456
81491
81548
81721
81747
81758
81797
81874
81917
81960
82020
82024
82050
82070
82110
82142
82143
82203
82229
82238
82248
82292
82303
82340
82353
82397
82439
82466
82628
82634
82695
82746
82785
82791
82812
82838
82840
82864
83102
83137
83152
83187
83261
83273
83338
83424
83461
83504
83543
83582
83592
83604
83638
83747
83803
83895
84022
84213
84234
84274
84282
84377
84416
84538
84583
84753
84787
84860
84868
84874
84941
85011
85066
85112
85213
85226
85228
85502
85504
85507
85587
85601
85605
85616
85618
85680
85892
85914
85928
85966
86045
86234
86247
86332
86385
86425
86452
86558
86624
86659
86662
86673
86730
86819
86820
86990
87057
87069
87166
87179
87196
87197
87231
87253
87262
87423
87450
87474
87507
87595
87709
87714
87733
87741
87789
87805
87820
87829
87866
87879
87894
87909
87922
87982
87994
87999
88014
88025
88027
88057
88140
88178
88183
88197
88212
88304
88308
88342
88406
88467
88548
88555
88610
88669
88849
88920
89039
89045
89048
89169
89216
89240
89247
89290
89334
89349
89362
89368
89390
89491
89570
89614
89664
89675
89692
89747
89751
89820
89830
89863
89887
89972
90019
90160
90261
90276
90291
90480
90503
90617
90666
90770
90842
90864
90878
90895
90980
90997
91040
91162
91197
91327
91405
91442
91445
91479
91499
91547
91600
91614
91625
91644
91647
91710
91715
91756
91805
91806
91917
91971
91996
92005
92062
92074
92087
92101
92102
92174
92191
92199
92253
92346
92416
92451
92495
92589
92595
92617
92954
92989
93025
93078
93091
93122
93163
93191
93202
93206
93213
93242
93266
93397
93415
93500
93641
93670
93723
93737
93742
93758
93896
93927
93961
93989
94089
94289
94300
94325
94388
94435
94438
94543
94593
94645
94857
94942
94972
95001
95088
95120
95178
95214
95283
95317
95343
95374
95380
95425
95653
95665
95745
95779
95806
95836
95840
95845
95975
95986
95994
96309
96373
96489
96527
96546
96631
96708
96715
96776
96825
96836
96900
96935
96958
96961
96966
96972
97078
97137
97185
97280
97325
97357
97360
97490
97507
97528
97539
97652
97717
97745
97777
97858
97914
97936
98062
98084
98135
98197
98268
98274
98276
98347
98381
98416
98462
98483
98492
98588
98620
98725
98809
98841
98848
98964
99004
99068
99111
99132
99172
99173
99222
99277
99280
99359
99398
99445
99457
99498
99638
99697
100046
100077
100085
100092
100176
100225
100258
100268
100308
100331
100379
100394
100444
100470
100504
100507
100517
100530
100733
100759
100903
100914
100927
101022
101049
101129
101268
101324
101333
101353
101358
101415
101502
101503
101654
101663
101666
101700
101760
101864
101876
101897
101905
101909
101912
101941
102086
102092
102113
102136
102274
102308
102312
102377
102448
102497
102503
102742
102821
102906
102922
102924
102993
103007
103038
103171
103328
103373
103539
103615
103730
103763
103795
103861
103870
103913
103925
104078
104094
104130
104153
104179
104214
104267
104288
104294
104298
104306
104505
104511
104535
104608
104720
104737
104764
104789
104793
104795
104814
104822
104836
104850
104865
104953
104991
105069
105098
105103
105187
105280
105282
105328
105353
105384
105395
105409
105478
105505
105545
105602
105650
105678
105759
105781
105827
105895
105904
105915
105945
105978
106109
106141
106143
106165
106205
106218
106277
106301
106377
106437
106518
106529
106640
106730
106791
106864
106893
106930
107003
107006
107200
107219
107252
107260
107357
107369
107388
107393
107443
107560
107568
107576
107591
107681
107724
107730
107756
107805
107849
107908
108006
108017
108035
108079
108094
108117
108122
108165
108239
108273
108342
108418
108450
108474
108499
108507
108547
108550
108564
108614
108669
108673
108704
108731
108786
108825
108855
108875
108895
108900
108982
108994
109025
109132
109135
109159
109235
109262
109286
109328
109350
109416
109434
109437
109446
109499
109527
109633
109691
109780
109842
109896
109910
109991
110079
110097
110182
110252
110284
110308
110384
110646
110687
110696
110742
110827
110853
110904
110930
110950
111022
111071
111204
111267
111307
111440
111446
111557
111665
111693
111707
111756
111785
111792
111797
111947
111964
112022
112029
112042
112124
112156
112195
112293
112313
112342
112499
112503
112519
112565
112601
112634
112658
112689
112722
112875
112877
112917
112928
112933
112973
113027
113149
113165
113185
113195
113290
113320
113466
113476
113485
113513
113526
113759
113810
113934
113950
113960
113991
114004
114198
114258
114261
114266
114344
114365
114488
114523
114553
114596
114634
114651
114726
114766
114868
114923
114959
115011
115051
115068
115106
115111
115172
115201
115230
115238
115327
115360
115382
115660
115721
115780
115822
115828
115832
115883
115885
115888
115922
116015
116131
116189
116205
116209
116234
116282
116289
116431
116437
116464
116470
116498
116524
116539
116644
116727
116823
117001
117015
117059
117062
117073
117075
117133
117250
117283
117349
117487
117538
117539
117540
117586
117602
117603
117666
117680
117711
117786
117819
117916
117959
118110
118130
118141
118166
118203
118216
118304
118327
118381
118420
118424
118425
118486
118498
118529
118588
118666
118686
118702
118794
118795
118911
118923
118981
119027
119048
119050
119114
119149
119248
119292
119325
119397
119431
119478
119494
119513
119549
119591
119597
119680
119709
119724
119748
119754
119821
119828
119831
119846
119870
119886
119892
119948
120001
120074
120136
120144
120192
120194
120216
120271
120364
120390
120391
120394
120424
120448
120527
120561
120565
120588
120650
120726
120729
120758
120797
120814
120835
120867
120868
120948
120953
120995
121028
121043
121071
121097
121117
121153
121172
121225
121234
121333
121359
121402
121464
121474
121508
121511
121522
121540
121573
121592
121637
121659
121670
121672
121851
121943
122009
122097
122191
122230
122299
122381
122394
122399
122446
122451
122513
122515
122521
122539
122565
122637
122650
122692
122694
122697
122792
122794
122830
122937
122961
122966
122973
122998
123002
123099
123121
123124
123141
123184
123229
123230
123257
123308
123371
123391
123393
123424
123459
123497
123526
123532
123533
123539
123547
123576
123594
123614
123671
123732
123743
123773
123802
123869
123954
123984
124043
124121
124128
124149
124199
124248
124273
124301
124358
124421
124438
124484
124697
124761
124770
124789
124797
124832
124851
124918
124963
125037
125048
125122
125129
125132
125134
125278
125296
125297
125357
125363
125371
125404
125409
125464
125503
125518
125649
125668
125706
125791
125819
125831
125869
125890
125897
125898
125912
125946
125967
125983
126015
126044
126049
126057
126081
126085
126132
126155
126199
126204
126223
126254
126270
126276
126317
126324
126374
126411
126428
126560
126638
126643
126655
126705
126780
126783
126792
126808
126819
126860
126890
126928
126931
126935
126961
127046
127057
127122
127138
127153
127156
127217
127285
127311
127403
127438
127515
127529
127634
127635
127671
127733
127789
127813
127819
127867
127918
127923
128001
128087
128095
128165
128168
128173
128205
128314
128385
128389
128434
128448
128496
128509
128526
128582
128586
128659
128660
128662
128706
128719
128732
128778
128794
128831
128892
128939
128962
128990
129008
129043
129099
129104
129246
129258
129266
129276
129283
129315
129423
129429
129447
129570
129597
129629
129637
129639
129661
129698
129775
129802
129858
129959
129983
130001
130065
130103
130147
130199
130210
130276
130316
130357
130358
130469
130580
130612
130644
130647
130675
130702
130717
130731
130765
130768
130778
130793
130806
130848
130876
130895
130918
130920
130957
131007
131039
131101
131112
131119
131220
131313
131331
131410
131467
131523
131563
131649
131652
131688
131774
131800
131910
131913
131948
131982
131984
132060
132184
132260
132293
132351
132424
132439
132520
132544
132554
132631
132646
132690
132779
132808
132831
132865
132877
132893
132901
132924
132975
133064
133082
133129
133153
133232
133233
133303
133361
133418
133423
133445
133619
133667
133735
133769
133831
133855
133888
133930
133933
133984
134063
134097
134116
134121
134127
134171
134258
134263
134305
134319
134400
134467
134520
134533
134580
134655
134707
134754
134852
134890
134933
134945
134962
135171
135173
135220
135248
135251
135254
135258
135292
135406
135428
135447
135524
135526
135537
135567
135592
135604
135632
135637
135646
135662
135745
135792
135832
135836
135846
135934
135938
136021
136045
136085
136091
136125
136129
136145
136150
136156
136205
136234
136261
136263
136278
136281
136314
136345
136383
136433
136484
136560
136596
136607
136616
136624
136628
136644
136687
136723
136736
136845
136900
136928
136933
136958
136987
137053
137059
137083
137144
137274
137328
137339
137342
137352
137391
137433
137474
137512
137598
137659
137706
137751
137756
137855
137917
137925
137959
137988
138127
138137
138167
138260
138269
138270
138311
138312
138338
138342
138347
138351
138426
138436
138444
138448
138492
138538
138542
138621
138630
138741
138786
138864
138883
138907
138922
138943
138959
139096
139103
139121
139134
139150
139195
139220
139253
139362
139380
139409
139414
139474
139505
139509
139550
139589
139681
139687
139711
139723
139753
139763
139849
139851
139861
139898
139922
140030
140032
140048
140056
140172
140175
140280
140301
140352
140361
140384
140465
140470
140583
140629
140702
140737
140782
140818
140853
140874
140875
140883
140974
141078
141214
141251
141278
141311
141407
141410
141507
141607
141652
141666
141700
141733
141739
141802
141889
141895
141924
142010
142065
142101
142137
142138
142298
142346
142384
142394
142488
142531
142565
142671
142731
142802
142826
142894
142898
143012
143034
143052
143149
143179
143226
143288
143303
143330
143331
143337
143416
143527
143542
143609
143701
143714
143816
143824
143864
143906
143916
143995
144004
144054
144066
144081
144082
144089
144095
144101
144157
144233
144234
144293
144352
144451
144487
144523
144718
144720
144753
144885
144889
144925
144945
144982
145002
145139
145194
145257
145328
145363
145380
145381
145462
145631
145686
145835
145867
145912
145918
145971
146005
146029
146079
146104
146113
146148
146150
146250
146262
146350
146404
146561
146574
146603
146610
146676
146704
146730
146745
146751
146815
146822
146836
146865
146925
146939
146995
146999
147037
147038
147054
147059
147080
147102
147154
147194
147196
147273
147297
147308
147310
147317
147331
147370
147382
147397
147429
147463
147509
147521
147547
147580
147730
147746
147765
147812
147827
147897
148013
148024
148072
148128
148134
148139
148214
148294
148309
148343
148362
148375
148377
148410
148432
148502
148514
148690
148719
148738
148739
148765
148842
148881
148954
148955
148994
149075
149084
149089
149220
149235
149274
149431
149436
149461
149559
149614
149738
149769
149770
149813
149830
149889
149928
150019
150080
150107
150112
150222
150223
150328
150343
150403
150411
150412
150414
150435
150555
150601
150635
150810
150833
150949
151018
151059
151117
151130
151156
151167
151258
151267
151306
151358
151371
151428
151448
151528
151634
151643
151681
151784
151802
151821
151832
151838
151886
151909
151959
152026
152071
152078
152150
152230
152245
152283
152392
152402
152433
152490
152549
152600
152631
152637
152769
152810
152823
152921
152960
153039
153047
153070
153085
153105
153147
153182
153203
153214
153220
153295
153343
153370
153668
153752
153909
153913
153918
153952
153962
153978
154047
154052
154084
154182
154185
154240
154261
154328
154392
154424
154455
154504
154514
154550
154567
154656
154704
154799
154800
154851
154883
154932
154955
154999
155016
155061
155191
155245
155315
155320
155373
155554
155639
155648
155681
155745
155763
155776
155785
155790
155806
155837
155888
155908
156033
156051
156071
156124
156149
156154
156178
156229
156325
156328
156351
156362
156396
156425
156463
156492
156496
156559
156564
156624
156684
156723
156743
156905
156946
156987
157036
157039
157323
157351
157389
157403
157542
157549
157603
157630
157644
157676
157793
157812
157844
157892
157949
157969
157975
157984
157993
158003
158062
158154
158164
158216
158226
158288
158294
158321
158401
158416
158419
158454
158511
158538
158571
158633
158642
158645
158653
158676
158698
158715
158769
158793
158800
158897
158955
158981
158986
159134
159295
159298
159317
159511
159528
159560
159578
159639
159676
159737
159794
159816
159996
159998
